1594002784.0988731 1594002784.20136 0.10248684883117676
S:
7756377076573654475184870415509596640485559397245481917956863405444
shares_A:
[[7756377076573654475184870415509596640485559397245481917956863405787, 986, 975], [7756377076573654475184870415509596640485559397245481917956863406810, 1755, 2943], [7756377076573654475184870415509596640485559397245481917956863408513, 2524, 6223], [7756377076573654475184870415509596640485559397245481917956863410896, 3293, 10815], [7756377076573654475184870415509596640485559397245481917956863413959, 4062, 16719]]
reshare_A:
[[7756377076573654475184870415509596640485559397245481917956863407748, 7756377076573654475184870415509596640485559397245481917956863411659, 7756377076573654475184870415509596640485559397245481917956863417520, 7756377076573654475184870415509596640485559397245481917956863425331, 7756377076573654475184870415509596640485559397245481917956863435092], [7756377076573654475184870415509596640485559397245481917956863411508, 7756377076573654475184870415509596640485559397245481917956863422092, 7756377076573654475184870415509596640485559397245481917956863438562, 7756377076573654475184870415509596640485559397245481917956863460918, 7756377076573654475184870415509596640485559397245481917956863489160], [7756377076573654475184870415509596640485559397245481917956863417260, 7756377076573654475184870415509596640485559397245481917956863438453, 7756377076573654475184870415509596640485559397245481917956863472092, 7756377076573654475184870415509596640485559397245481917956863518177, 7756377076573654475184870415509596640485559397245481917956863576708], [7756377076573654475184870415509596640485559397245481917956863425004, 7756377076573654475184870415509596640485559397245481917956863460742, 7756377076573654475184870415509596640485559397245481917956863518110, 7756377076573654475184870415509596640485559397245481917956863597108, 7756377076573654475184870415509596640485559397245481917956863697736], [7756377076573654475184870415509596640485559397245481917956863434740, 7756377076573654475184870415509596640485559397245481917956863488959, 7756377076573654475184870415509596640485559397245481917956863576616, 7756377076573654475184870415509596640485559397245481917956863697711, 7756377076573654475184870415509596640485559397245481917956863852244]]
shares_B:
[[7756377076573654475184870415509596640485559397245481917956863407748, 7756377076573654475184870415509596640485559397245481917956863411508, 7756377076573654475184870415509596640485559397245481917956863417260, 7756377076573654475184870415509596640485559397245481917956863425004, 7756377076573654475184870415509596640485559397245481917956863434740], [7756377076573654475184870415509596640485559397245481917956863411659, 7756377076573654475184870415509596640485559397245481917956863422092, 7756377076573654475184870415509596640485559397245481917956863438453, 7756377076573654475184870415509596640485559397245481917956863460742, 7756377076573654475184870415509596640485559397245481917956863488959], [7756377076573654475184870415509596640485559397245481917956863417520, 7756377076573654475184870415509596640485559397245481917956863438562, 7756377076573654475184870415509596640485559397245481917956863472092, 7756377076573654475184870415509596640485559397245481917956863518110, 7756377076573654475184870415509596640485559397245481917956863576616], [7756377076573654475184870415509596640485559397245481917956863425331, 7756377076573654475184870415509596640485559397245481917956863460918, 7756377076573654475184870415509596640485559397245481917956863518177, 7756377076573654475184870415509596640485559397245481917956863597108, 7756377076573654475184870415509596640485559397245481917956863697711], [7756377076573654475184870415509596640485559397245481917956863435092, 7756377076573654475184870415509596640485559397245481917956863489160, 7756377076573654475184870415509596640485559397245481917956863576708, 7756377076573654475184870415509596640485559397245481917956863697736, 7756377076573654475184870415509596640485559397245481917956863852244]]
recovered_S:
{'constant': 7756377076573654475184870415509596640485559397245481917956863405444, 'x_exp_1': 612, 'x_exp_2': 864}
