S:
315920443299923892240951963240162678670381372775875098990563292611
shares_A:
[[315920443299923892240951963240162678670381372775875098990563293584, 743, 1440], 
[315920443299923892240951963240162678670381372775875098990563294779, 1473, 3609], 
[315920443299923892240951963240162678670381372775875098990563296196, 2203, 7224], 
[315920443299923892240951963240162678670381372775875098990563297835, 2933, 12285], 
[315920443299923892240951963240162678670381372775875098990563299696, 3663, 18792]]

reshare_A:
[[315920443299923892240951963240162678670381372775875098990563295767, 315920443299923892240951963240162678670381372775875098990563300830, 315920443299923892240951963240162678670381372775875098990563308773, 315920443299923892240951963240162678670381372775875098990563319596, 315920443299923892240951963240162678670381372775875098990563333299], [315920443299923892240951963240162678670381372775875098990563299861, 315920443299923892240951963240162678670381372775875098990563312161, 315920443299923892240951963240162678670381372775875098990563331679, 315920443299923892240951963240162678670381372775875098990563358415, 315920443299923892240951963240162678670381372775875098990563392369], [315920443299923892240951963240162678670381372775875098990563305623, 315920443299923892240951963240162678670381372775875098990563329498, 315920443299923892240951963240162678670381372775875098990563367821, 315920443299923892240951963240162678670381372775875098990563420592, 315920443299923892240951963240162678670381372775875098990563487811], [315920443299923892240951963240162678670381372775875098990563313053, 315920443299923892240951963240162678670381372775875098990563352841, 315920443299923892240951963240162678670381372775875098990563417199, 315920443299923892240951963240162678670381372775875098990563506127, 315920443299923892240951963240162678670381372775875098990563619625], [315920443299923892240951963240162678670381372775875098990563322151, 315920443299923892240951963240162678670381372775875098990563382190, 315920443299923892240951963240162678670381372775875098990563479813, 315920443299923892240951963240162678670381372775875098990563615020, 315920443299923892240951963240162678670381372775875098990563787811]]
shares_B:
[[315920443299923892240951963240162678670381372775875098990563295767, 315920443299923892240951963240162678670381372775875098990563299861, 315920443299923892240951963240162678670381372775875098990563305623, 315920443299923892240951963240162678670381372775875098990563313053, 315920443299923892240951963240162678670381372775875098990563322151], [315920443299923892240951963240162678670381372775875098990563300830, 315920443299923892240951963240162678670381372775875098990563312161, 315920443299923892240951963240162678670381372775875098990563329498, 315920443299923892240951963240162678670381372775875098990563352841, 315920443299923892240951963240162678670381372775875098990563382190], [315920443299923892240951963240162678670381372775875098990563308773, 315920443299923892240951963240162678670381372775875098990563331679, 315920443299923892240951963240162678670381372775875098990563367821, 315920443299923892240951963240162678670381372775875098990563417199, 315920443299923892240951963240162678670381372775875098990563479813], [315920443299923892240951963240162678670381372775875098990563319596, 315920443299923892240951963240162678670381372775875098990563358415, 315920443299923892240951963240162678670381372775875098990563420592, 315920443299923892240951963240162678670381372775875098990563506127, 315920443299923892240951963240162678670381372775875098990563615020], [315920443299923892240951963240162678670381372775875098990563333299, 315920443299923892240951963240162678670381372775875098990563392369, 315920443299923892240951963240162678670381372775875098990563487811, 315920443299923892240951963240162678670381372775875098990563619625, 315920443299923892240951963240162678670381372775875098990563787811]]
recovered_S:
{'constant': 315920443299923892240951963240162678670381372775875098990563292611, 'x_exp_1': 13, 'x_exp_2': 717}
recovered_S_prime:
{'constant': 315920443299923892240951963240162678670381372775875098990563292611, 'x_exp_1': 13, 'x_exp_2': 717}
